4294967279,72
4294967278,542
4294967278,207
4294967279,378
4294967279,377
4294967278,204
4294967279,69
4294967279,67
4294967279,66
4294967279,65
4294967279,64
4294967279,62
4294967279,57
4294967279,55
4294967278,203
4294967278,202
4294967278,317
4294967279,376
4294967278,562
4294967278,316
4294967278,198
4294967294,388
4294967294,387
4294967294,428
4294967278,197
4294967278,561
4294967278,196
4294967278,195
4294967278,192
4294967278,194
22,5
22,4
4294967278,193
22,3
22,2
22,1
4294967278,535
4294967278,191
4294967278,315
4294967279,260
4294967279,53
4294967279,50
4294967279,48
4294967279,47
4294967279,45
4294967279,44
4294967279,43
4294967279,42
4294967278,190
4294967294,107
4294967279,189
4294967278,187
4294967278,560
4294967279,375
4294967278,186
4294967279,374
4294967279,373
4294967278,311
4294967279,372
4294967278,181
4294967278,180
4294967278,309
4294967279,181
4294967278,179
4294967279,180
4294967278,177
4294967279,178
21,5
4294967278,176
21,4
21,2
21,1
4294967278,175
4294967279,345
4294967278,172
4294967279,298
4294967279,39
4294967279,36
4294967279,34
4294967279,32
4294967279,29
4294967279,27
4294967279,26
4294967279,24
4294967279,22
4294967279,19
4294967279,17
4294967279,16
4294967279,14
4294967279,13
4294967279,11
4294967279,10
4294967278,559
4294967279,170
4294967294,1418
4294967294,1417
4294967294,470
4294967294,468
20,5
20,4
20,2
20,1
4294967278,538
4294967278,0
4294967279,162
4294967294,80
4294967294,904
4294967294,439
4294967294,5
4294967294,89
4294967294,22
4294967279,364
4294967279,158
4294967294,38
4294967294,37
4294967294,40
4294967294,392
4294967294,46
4294967294,390
4294967294,389
4294967294,114
4294967294,120
4294967294,45
4294967294,44
4294967294,53
4294967294,51
4294967294,952
4294967294,923
4294967294,953
4294967294,92
4294967294,90
4294967294,87
4294967294,86
4294967294,84
4294967294,82
4294967294,102
4294967294,100
4294967294,43
4294967279,156
4294967294,94
4294967294,96
4294967294,42
19,5
19,4
4294967279,152
19,2
19,1
4294967294,9
4294967294,8
0,7
4294967279,297
4294967279,295
4294967279,294
4294967294,50
4294967294,81
4294967294,1415
4294967294,416
4294967294,99
4294967294,76
4294967294,469
4294967279,143
4294967279,289
9,2
4294967294,6
4294967294,971
4294967294,899
4294967294,97
4294967278,132
4294967278,131
4294967278,130
4294967278,129
4294967278,128
4294967278,127
4294967278,126
4294967278,125
4294967278,124
4294967278,123
4294967278,122
4294967278,121
4294967278,120
4294967278,119
4294967278,118
4294967278,117
4294967278,116
4294967278,115
4294967278,114
4294967278,113
4294967278,112
4294967278,111
4294967278,110
4294967278,109
4294967278,108
4294967278,107
4294967278,106
4294967278,105
4294967278,104
4294967278,103
4294967278,102
4294967278,101
4294967278,100
4294967278,99
4294967278,98
4294967278,97
4294967278,96
4294967278,95
4294967278,94
4294967278,93
4294967278,92
4294967278,91
4294967278,90
4294967278,89
4294967278,87
4294967278,86
4294967278,85
4294967278,84
4294967278,83
4294967278,82
4294967278,81
4294967278,80
4294967278,79
4294967278,78
4294967278,77
4294967278,76
4294967278,75
4294967278,74
4294967278,73
4294967278,72
4294967278,71
4294967278,70
4294967278,69
4294967278,68
4294967278,67
4294967278,66
4294967278,65
4294967278,64
4294967278,63
4294967278,62
4294967278,61
4294967278,60
4294967278,59
4294967278,58
4294967278,57
4294967279,76
4294967279,73
4294967279,71
4294967279,70
4294967279,68
4294967279,63
4294967279,61
4294967279,60
4294967279,59
4294967279,58
4294967279,56
4294967279,54
4294967279,52
4294967279,51
4294967279,49
4294967279,46
4294967279,41
4294967279,40
4294967279,38
4294967279,37
4294967279,35
4294967279,33
4294967279,31
4294967279,30
4294967279,28
4294967279,335
4294967279,23
4294967279,272
4294967279,21
4294967279,271
4294967279,20
4294967279,18
4294967279,15
4294967279,0
4294967279,346
4294967279,12
4294967279,264
4294967279,278
4294967279,330
4294967279,9
4294967279,8
4294967279,7
4294967279,6
4294967279,5
4294967279,4
4294967294,2
4294967294,906
4294967294,186
4294967294,0
4294967294,68
9,3
4294967294,1
4294967294,91
4294967294,88
4294967294,85
4294967294,83
4294967294,414
4294967294,29
4294967294,28
4294967294,922
